登录  上位->存储
7E 7E 4C 00 CC CC 36 00 CC CC 09 36 01 00 00 00 01 00 01 00 61 64 6D 69 6E 0D 0A 00 00 00 00 00 00 00 00 00 00 00 00 00 00 00 00 00 00 00 31 32 33 34 35 36 0D 0A 00 00 00 00 00 00 00 00 00 00 00 00 00 00 00 00 00 00 00 00 0D 0A 

ACK应答 存储->上位,24个字节
7E 7E 18 00 CC CC 36 00 CC CC 81 36 01 00 00 00 01 00 01 00 00 00 0D 0A 

登录成功 存储->上位,26个字节
7E 7E 1A 00 CC CC 36 00 CC CC 89 36 01 00 00 00 01 00 01 00 01 00 00 00 0D 0A 

自检，36个字节
7E 7E 24 00 CC CC 36 00 CC CC 83 36 01 00 00 00 01 00 01 00 00 00 00 00 00 00 55 00 0F 00 00 00 00 00 0D 0A 

状态上报，86个字节
7E 7E 56 00 CC CC 36 00 CC CC 85 36 01 00 00 00 01 00 01 00 00 00 00 00 00 00 55 00 0F 00 00 00 00 00 00 00 55 00 0F 00 00 00 00 00 0D 0A 55 00 0F 00 00 00 00 00 0D 0A 55 00 0F 00 00 00 00 00 0D 0A 55 00 0F 00 00 00 00 00 0D 0A 55 00 0F 00 00 00 00 00 0D 0A 

清除状态，34个字节
7E 7E 22 00 CC CC 36 00 CC CC 87 36 01 00 00 00 01 00 01 00 00 00 64 00 00 00 55 00 0F 00 00 00 0D 0A 

文件传输（start），24+32个字节的头，加数据16个字节，共长72字节
7E 7E 48 00 CC CC 36 00 CC CC 61 36 01 00 00 00 01 00 01 00 A1 F1 00 00 01 00 00 00 10 00 00 00 00 00 00 00 00 00 00 00 00 00 00 00 10 00 00 00 00 00 00 00 31 32 33 00 01 02 03 04 05 06 07 08 09 0A 0B 0C 00 00 0D 0A 

文件传输（进行中），24+32个字节的头，加数据16个字节，共长72字节
7E 7E 48 00 CC CC 36 00 CC CC 61 36 01 00 00 00 01 00 01 00 A1 F1 00 00 00 00 00 00 10 00 00 00 00 00 00 00 32 00 00 00 00 00 00 00 64 00 00 00 00 00 00 00 31 32 33 00 01 02 03 04 05 06 07 08 09 0A 0B 0C 00 00 0D 0A

文件传输（完毕），24+32个字节的头，加数据16个字节，共长72字节
7E 7E 48 00 CC CC 36 00 CC CC 61 36 01 00 00 00 01 00 01 00 A1 F1 00 00 02 00 00 00 10 00 00 00 00 00 00 00 32 00 00 00 00 00 00 00 64 00 00 00 00 00 00 00 31 32 33 00 01 02 03 04 05 06 07 08 09 0A 0B 0C 00 00 0D 0A

文件目录（start），24+32个字节的头，加数据16个字节，共长72字节
7E 7E 48 00 CC CC 36 00 CC CC 61 36 01 00 00 00 01 00 01 00 A1 F1 A1 00 01 00 00 00 10 00 00 00 00 00 00 00 32 00 00 00 00 00 00 00 64 00 00 00 00 00 00 00 31 32 33 00 01 02 03 04 05 06 07 08 09 0A 0B 0C 00 00 0D 0A

文件目录（进行中），24+32个字节的头，加数据16个字节，共长72字节
7E 7E 48 00 CC CC 36 00 CC CC 61 36 01 00 00 00 01 00 01 00 A1 F1 A1 00 00 00 00 00 10 00 00 00 00 00 00 00 32 00 00 00 00 00 00 00 64 00 00 00 00 00 00 00 31 32 33 00 01 02 03 04 05 06 07 08 09 0A 0B 0C 00 00 0D 0A

文件目录（完毕），24+32个字节的头，加数据16个字节，共长72字节
7E 7E 48 00 CC CC 36 00 CC CC 61 36 01 00 00 00 01 00 01 00 A1 F1 A1 36 02 00 00 00 10 00 00 00 00 00 00 00 32 00 00 00 00 00 00 00 64 00 00 00 00 00 00 00 31 32 33 00 01 02 03 04 05 06 07 08 09 0A 0B 0C 00 00 0D 0A

文件目录（单包），24+32个字节的头，加数据16个字节，共长72字节
7E 7E 48 00 CC CC 36 00 CC CC 48 FF 01 00 00 00 01 00 01 00 A1 F1 A4 FF 03 00 00 00 10 00 00 00 00 00 00 00 00 00 00 00 00 00 00 00 10 00 00 00 00 00 00 00 31 32 33 00 01 02 03 04 05 06 07 08 09 0A 0B 0C 00 00 0D 0A
